{
    'hourlyCalories': [68.57024002075195, 69.47248077392578, 73.53256034851074, 72.74309730529785, 72.63031959533691, 71.05140113830566, 76.91596031188965, 125.97525787353516, 92.02847862243652, 86.50226211547852, 87.51728057861328, 88.87063980102539, 86.61503982543945, 118.53178215026855, 89.43453979492188, 67.66799926757812, 67.66799926757812, 173.23008346557617, 263.6796417236328, 264.46910095214844, 282.401123046875, 210.67303657531738, 85.82558059692383, 61.4650993347168], 
    'hourlySteps': [0, 0, 19, 0, 6, 0, 27, 417, 141, 55, 124, 59, 42, 359, 51, 0, 0, 1088, 2008, 505, 1348, 359, 0, 15], 
    'hourlyDistance': [0.0, 0.0, 0.0131000000983475, 0.0, 0.0041000000201165, 0.0, 0.0185000000055878, 0.2887999992817639, 0.0975000001490115, 0.0378999998793004, 0.0858999993652104, 0.040799999609589396, 0.0289999991655349, 0.24880000483244652, 0.0353999994695186, 0.0, 0.0, 0.7279000207781791, 1.3935000002384186, 0.3496999959461389, 0.9351000040769575, 0.2486999984830616, 0.0, 0.0103000001981854], 
    'hourlyFloors': [0, 0, 0, 0, 0, 0, 0, 0, 0, 0, 0, 0, 0, 4, 0, 0, 0, 1, 5, 0, 0, 2, 0, 0], 
    'hourlyElevation': [0.0, 0.0, 0.0, 0.0, 0.0, 0.0, 0.0, 0.0, 0.0, 0.0, 0.0, 0.0, 0.0, 12.192000389099121, 0.0, 0.0, 0.0, 3.0480000972747803, 15.240000486373901, 0.0, 0.0, 6.0960001945495605, 0.0, 0.0], 
    'sedentaryMinutes': 689.0, 
    'lightlyActiveMinutes': 265.0, 
    'veryActiveMinutes': 3.0, 
    'fairlyActiveMinutes': 37.0, 
    'hourlyHeartRate': [74.25, 78.25, 78.5, 79.0, 79.0, 79.0, 77.75, 91.75, 81.5, 79.25, 78.25, 83.0, 81.75, 86.25, 63.0, 0.0, 0.0, 97.0, 105.25, 115.5, 111.25, 111.75, 102.25, 48.0]
}